EDT,Max TemperatureF,Mean TemperatureF,Min TemperatureF,Max Dew PointF,MeanDew PointF,Min DewpointF,Max Humidity, Mean Humidity, Min Humidity, Max Sea Level PressureIn, Mean Sea Level PressureIn, Min Sea Level PressureIn, Max VisibilityMiles, Mean VisibilityMiles, Min VisibilityMiles, Max Wind SpeedMPH, Mean Wind SpeedMPH, Max Gust SpeedMPH,PrecipitationIn, CloudCover, Events, WindDirDegrees
2016-1-1,41,37,33,27,24,18,70,58,46,29.98,29.93,29.88,10,10,8,23,13,32,T,7,,257
2016-1-2,40,36,31,21,19,17,61,51,40,29.98,29.93,29.88,10,10,10,22,13,28,0.00,4,,257
2016-1-3,44,38,31,24,22,20,69,56,43,29.87,29.79,29.71,10,10,10,21,12,28,0.00,3,,244
2016-1-4,36,25,14,25,14,2,72,61,50,30.30,30.01,29.82,10,9,2,21,12,28,T,6,Snow,328
2016-1-5,26,17,8,4,-3,-5,58,43,27,30.58,30.53,30.42,10,10,10,18,10,23,0.00,1,,298
2016-1-6,45,33,21,10,2,-5,45,29,12,30.53,30.45,30.35,10,10,10,15,10,22,0.00,1,,227
2016-1-7,43,35,26,24,14,6,72,47,22,30.35,30.30,30.24,10,10,10,14,6,18,0.00,2,,316
2016-1-8,42,36,30,34,29,24,85,78,70,30.29,30.26,30.23,10,10,10,18,11,23,0.00,7,,32
2016-1-9,41,40,38,38,36,32,92,84,76,30.29,30.24,30.18,10,6,2,16,6,18,0.01,8,Rain,14
2016-1-10,58,48,38,57,48,37,100,92,83,30.19,29.66,29.29,10,4,0,30,15,39,1.38,7,Fog-Rain,132
2016-1-11,51,38,25,39,13,2,74,51,28,30.08,29.77,29.39,10,10,10,30,19,38,0.00,2,,279
2016-1-12,37,29,21,32,19,4,96,68,39,30.11,29.83,29.52,10,9,1,20,10,23,0.08,5,Rain-Snow,197
2016-1-13,33,27,21,26,8,0,82,56,29,29.93,29.74,29.50,10,10,10,36,20,47,T,2,,273
2016-1-14,30,26,21,16,11,5,77,61,45,29.99,29.91,29.83,10,10,6,17,11,23,T,3,Snow,244
2016-1-15,42,34,26,39,26,17,86,72,58,30.03,29.92,29.67,10,10,9,15,6,17,0.00,8,,119
2016-1-16,43,39,34,41,36,27,100,90,79,29.68,29.50,29.34,10,6,2,21,9,28,1.22,7,Rain,335
2016-1-17,38,34,29,27,23,18,92,72,51,29.89,29.74,29.62,10,7,1,15,9,21,0.10,7,Snow,327
2016-1-18,29,24,19,25,17,0,92,64,36,29.72,29.61,29.57,10,6,1,30,17,43,0.11,6,Snow,288
2016-1-19,25,21,16,5,3,1,53,47,40,29.90,29.75,29.68,10,10,10,31,22,45,0.00,2,,280
2016-1-20,33,26,19,9,7,6,56,45,33,30.09,30.00,29.91,10,10,10,28,19,38,0.00,4,,295
2016-1-21,33,27,21,9,7,3,57,44,30,30.12,30.04,30.00,10,10,10,24,14,35,0.00,2,,305
2016-1-22,32,26,19,8,6,4,51,42,32,30.24,30.18,30.14,10,10,10,24,12,31,0.00,4,,318
2016-1-23,32,26,20,28,20,8,100,75,50,30.17,29.88,29.72,10,5,0,36,20,45,0.37,8,Fog-Snow,19
2016-1-24,36,27,18,16,7,1,77,52,27,30.03,29.86,29.72,10,10,3,28,11,32,T,5,Snow,337
2016-1-25,35,31,26,26,18,10,75,57,39,30.30,30.23,30.04,10,10,10,14,7,20,0.00,3,,220
2016-1-26,51,40,28,35,31,22,92,74,56,30.25,29.98,29.83,10,10,10,30,14,37,0.00,6,,206
2016-1-27,45,38,31,35,24,15,70,55,40,30.09,29.96,29.85,10,10,10,21,12,29,0.00,4,,281
2016-1-28,42,34,26,29,21,15,82,62,41,30.10,29.93,29.69,10,10,10,18,8,23,0.00,2,,204
2016-1-29,41,37,33,33,29,25,92,76,59,29.68,29.50,29.37,10,10,6,18,7,28,T,7,,301
2016-1-30,43,37,30,24,22,20,69,54,39,30.00,29.91,29.69,10,10,10,26,14,32,0.00,4,,244
2016-1-31,57,48,38,38,29,23,70,54,38,29.92,29.86,29.79,10,10,10,25,12,31,0.00,6,,218
2016-2-1,65,52,39,41,34,24,89,60,30,30.04,29.78,29.65,10,10,10,26,14,33,0.00,5,,260
2016-2-2,50,43,36,29,25,20,70,51,31,30.40,30.26,30.06,10,10,10,13,7,17,0.00,2,,268
2016-2-3,57,46,35,54,42,29,93,82,70,30.39,30.11,29.82,10,9,5,39,15,46,0.33,8,Rain,172
2016-2-4,56,50,43,54,42,28,93,64,35,30.08,29.95,29.85,10,10,7,18,10,23,0.01,8,Rain,270
2016-2-5,43,34,25,34,28,16,100,81,62,30.25,30.04,29.91,10,4,0,25,13,37,0.96,6,Fog-Rain-Snow,337
2016-2-6,35,30,24,25,21,15,79,66,49,30.39,30.30,30.23,10,10,10,16,10,22,0.00,3,,242
2016-2-7,44,37,29,30,25,22,78,59,40,30.20,30.14,30.03,10,10,10,26,10,31,0.00,2,,173
2016-2-8,38,28,18,29,19,14,84,75,66,29.99,29.83,29.72,10,4,0,38,21,46,0.14,8,Fog-Snow,7
2016-2-9,29,25,20,19,17,15,84,74,63,29.77,29.68,29.59,10,10,7,16,6,20,T,7,Snow,335
2016-2-10,36,28,20,30,25,18,100,82,63,29.65,29.60,29.54,10,7,2,18,7,23,T,7,Snow,202
2016-2-11,31,21,11,20,9,-5,74,55,36,30.03,29.77,29.65,10,9,2,29,17,39,0.01,4,Snow,278
2016-2-12,24,16,8,9,-1,-8,57,48,39,30.20,30.08,29.91,10,10,10,23,12,30,0.00,5,,250
2016-2-13,24,10,-4,10,-3,-22,62,45,28,30.15,29.92,29.81,10,10,10,32,16,43,0.00,4,,290
2016-2-14,12,2,-9,-13,-18,-25,50,40,29,30.53,30.37,30.17,10,10,10,29,17,38,0.00,0,Fog,295
2016-2-15,35,20,4,34,7,-14,84,61,37,30.61,30.47,30.20,10,7,1,15,6,20,0.26,6,Rain-Snow,145
2016-2-16,54,43,31,52,42,28,100,93,86,30.15,29.82,29.47,10,6,2,28,14,47,0.66,7,Rain,188
2016-2-17,46,40,34,31,25,22,76,61,45,30.11,29.89,29.67,10,10,10,24,11,31,0.00,2,,287
2016-2-18,35,30,24,23,12,5,64,49,33,30.51,30.33,30.12,10,10,10,22,12,26,0.00,1,,316
2016-2-19,37,29,20,29,16,4,75,57,38,30.59,30.43,30.24,10,10,2,17,9,20,T,5,Snow,187
2016-2-20,60,47,33,39,34,30,92,63,33,30.24,29.94,29.74,10,10,10,26,14,32,0.01,7,Rain,189
2016-2-21,54,48,42,35,31,28,62,50,38,29.98,29.85,29.73,10,10,10,22,13,28,0.00,6,,288
2016-2-22,43,37,30,27,22,13,64,54,43,30.35,30.13,29.98,10,10,10,16,8,18,0.00,3,,32
2016-2-23,39,33,26,33,22,9,70,56,42,30.46,30.42,30.35,10,10,5,18,11,23,T,7,Rain-Snow,62
2016-2-24,57,48,38,56,41,34,100,93,85,30.34,30.00,29.52,10,3,0,26,12,36,0.59,8,Fog-Rain,43
2016-2-25,62,52,41,61,48,33,100,80,59,29.45,29.26,29.08,10,9,1,40,22,54,0.81,7,Rain-Thunderstorm,209
2016-2-26,41,34,26,31,11,-3,73,48,23,29.99,29.67,29.35,10,10,10,28,19,40,0.00,3,,288
2016-2-27,39,30,21,19,8,1,52,41,29,30.09,29.97,29.85,10,10,10,22,12,31,T,3,,250
2016-2-28,58,47,36,31,26,20,62,48,33,29.91,29.81,29.72,10,10,10,22,15,29,0.00,6,,221
2016-2-29,64,54,43,41,33,24,76,55,34,29.79,29.62,29.48,10,10,10,29,16,39,T,3,,235
2016-3-1,49,42,34,31,18,3,70,46,22,30.18,30.03,29.78,10,10,10,39,12,56,0.00,5,,227
2016-3-2,53,39,25,50,33,5,96,67,37,29.97,29.61,29.41,10,8,2,31,19,38,0.37,6,Rain,245
2016-3-3,34,28,21,6,3,0,47,36,25,30.27,30.18,30.02,10,10,10,24,10,30,0.00,1,,310
2016-3-4,31,29,26,27,22,10,85,61,37,30.26,30.13,30.04,10,6,1,17,8,21,T,8,Snow,355
2016-3-5,34,29,23,18,13,9,75,57,39,30.21,30.15,30.08,10,10,10,21,10,25,0.00,5,,51
2016-3-6,42,36,30,21,14,6,63,44,25,30.30,30.26,30.22,10,10,10,13,7,22,0.00,4,,184
2016-3-7,51,41,30,33,27,21,72,57,41,30.29,30.12,29.96,10,10,10,32,12,38,0.00,5,,220
2016-3-8,48,42,36,36,33,29,79,66,53,30.18,30.14,30.08,10,10,10,15,9,17,0.00,2,,99
2016-3-9,77,59,40,45,41,36,93,60,27,30.16,30.02,29.88,10,9,4,22,13,29,0.00,5,,208
2016-3-10,66,57,47,57,50,40,93,65,37,29.97,29.89,29.82,10,8,2,25,10,38,0.40,8,Fog-Rain,238
2016-3-11,50,46,41,46,40,25,100,73,45,30.32,30.05,29.86,10,9,1,21,7,25,0.09,6,Rain,57
2016-3-12,60,48,36,35,29,25,70,49,27,30.35,30.14,29.88,10,10,10,22,11,29,0.00,3,,230
2016-3-13,63,54,45,35,27,13,61,38,15,30.24,30.02,29.88,10,10,10,22,9,29,0.00,7,,320
2016-3-14,45,42,39,39,34,30,93,78,62,30.33,30.25,30.11,10,9,3,24,17,29,0.21,8,Rain,84
2016-3-15,45,43,41,45,42,39,100,95,89,30.11,29.89,29.77,10,3,1,25,17,32,1.14,8,Rain,38
2016-3-16,48,45,41,44,41,38,100,90,80,29.94,29.84,29.79,10,10,5,15,8,21,0.03,8,Rain,33
2016-3-17,64,54,43,45,40,31,100,65,30,29.92,29.78,29.63,10,8,1,36,11,46,0.07,6,Rain,245
2016-3-18,52,44,35,36,30,18,67,53,38,29.94,29.72,29.65,10,10,6,30,14,41,0.03,5,Rain,275
2016-3-19,45,37,29,18,8,4,47,33,19,30.16,30.06,29.95,10,10,10,17,11,26,0.00,2,,315
2016-3-20,35,31,26,26,17,2,75,52,28,30.24,30.15,30.00,10,10,2,18,11,22,0.02,5,Snow,51
2016-3-21,44,36,28,28,25,11,92,60,27,29.99,29.81,29.67,10,4,1,16,10,23,0.22,7,Snow,340
2016-3-22,49,41,33,32,19,12,67,46,25,30.08,30.00,29.88,10,10,10,24,15,33,0.00,2,,253
2016-3-23,63,53,42,39,35,34,76,58,39,30.18,29.96,29.86,10,10,10,24,12,29,T,8,Rain,227
2016-3-24,43,40,36,37,32,21,100,76,52,30.27,30.15,29.99,10,7,2,24,16,29,T,8,,63
2016-3-25,46,42,37,43,39,36,100,88,76,30.01,29.83,29.74,10,2,0,15,6,20,0.16,8,Rain,37
2016-3-26,43,39,34,36,30,28,76,71,65,30.45,30.31,30.04,10,10,10,18,10,22,0.00,5,,37
2016-3-27,42,38,34,34,30,27,85,75,65,30.46,30.37,30.23,10,10,10,16,8,29,0.00,7,,101
2016-3-28,47,43,38,43,38,33,100,86,71,30.23,29.73,29.38,10,7,2,25,11,32,0.41,8,Rain,80
2016-3-29,51,45,38,35,26,13,70,50,30,30.15,29.73,29.41,10,10,10,31,21,46,0.00,3,,297
2016-3-30,59,47,34,29,19,14,57,39,21,30.32,30.21,30.12,10,10,10,24,12,31,0.00,2,,241
2016-3-31,71,57,43,54,42,27,78,59,40,30.11,29.92,29.78,10,10,10,39,23,51,0.00,6,,213
2016-4-1,69,64,59,59,57,43,90,71,51,29.77,29.59,29.44,10,10,10,29,18,37,0.05,7,Rain,213
2016-4-2,59,51,42,45,41,36,93,68,43,29.64,29.48,29.32,10,9,3,17,9,22,0.32,8,Rain,217
2016-4-3,43,36,29,39,23,4,92,59,26,30.05,29.49,29.19,10,6,0,29,16,38,0.49,6,Fog-Rain-Snow,309
2016-4-4,30,27,24,27,20,3,92,63,34,30.09,30.02,29.91,10,3,0,22,11,26,0.41,8,Fog-Snow,36
2016-4-5,37,30,22,19,9,2,75,50,25,30.33,30.23,30.08,10,10,10,21,13,28,0.00,3,,341
2016-4-6,42,34,25,33,16,5,70,51,32,30.39,30.27,30.05,10,10,10,24,10,32,0.00,5,,198
2016-4-7,58,50,42,52,47,34,96,84,72,30.04,29.69,29.40,10,7,2,35,17,40,1.03,7,Rain,175
2016-4-8,53,45,37,46,34,20,93,66,39,29.74,29.53,29.41,10,10,10,32,15,40,T,5,Rain,241
2016-4-9,46,39,32,30,24,17,70,55,40,29.90,29.78,29.72,10,10,10,22,10,25,0.00,5,,300
2016-4-10,49,40,31,21,12,5,53,35,16,30.30,30.18,29.94,10,10,10,23,12,32,0.00,2,,282
2016-4-11,60,51,42,45,35,23,76,55,33,30.31,30.17,30.04,10,10,10,31,17,41,0.01,7,Rain,195
2016-4-12,60,52,43,54,44,24,93,68,42,30.24,30.01,29.92,10,8,3,30,16,38,0.22,6,Rain,239
2016-4-13,50,44,38,34,28,22,70,53,36,30.40,30.35,30.27,10,10,10,17,10,22,0.00,1,,14
2016-4-14,49,44,38,31,28,21,70,52,34,30.42,30.37,30.32,10,10,10,23,11,28,0.00,1,,31
2016-4-15,54,46,38,29,24,15,55,40,24,30.48,30.42,30.39,10,10,10,22,11,33,0.00,0,,29
2016-4-16,54,48,41,33,28,21,65,52,38,30.49,30.46,30.43,10,10,10,28,13,35,0.00,3,,30
2016-4-17,54,47,39,38,31,24,70,53,35,30.46,30.37,30.24,10,10,10,12,8,16,0.00,1,,84
2016-4-18,67,55,42,37,34,30,71,49,26,30.23,30.19,30.11,10,10,10,23,9,26,0.00,5,,85
2016-4-19,54,49,44,43,37,24,89,61,32,30.09,30.02,29.97,10,10,8,17,9,20,0.02,6,Rain,66
2016-4-20,51,48,44,32,27,19,58,44,29,30.26,30.19,30.07,10,10,10,18,12,25,0.00,1,,39
2016-4-21,77,60,43,38,31,22,67,40,12,30.20,30.04,29.89,10,10,10,21,10,26,0.00,2,,228
2016-4-22,78,68,58,58,47,37,90,64,37,29.94,29.87,29.78,10,10,10,21,8,35,T,7,Rain,222
2016-4-23,64,56,48,59,47,19,93,59,24,29.94,29.82,29.76,10,9,4,24,8,31,0.09,6,Rain,330
2016-4-24,50,46,42,34,26,17,62,46,29,30.07,30.02,29.95,10,10,10,15,10,20,0.00,3,,65
2016-4-25,57,51,44,41,38,28,77,56,35,30.07,30.00,29.91,10,10,10,12,5,15,0.00,7,,169
2016-4-26,51,44,37,42,34,30,85,70,54,29.92,29.85,29.75,10,8,2,22,14,24,0.27,8,Rain,41
2016-4-27,62,50,37,39,31,23,85,54,23,29.93,29.86,29.78,10,10,10,22,10,28,0.00,2,,247
2016-4-28,54,48,41,34,23,13,60,41,22,30.11,30.04,29.92,10,10,10,21,10,24,0.00,4,,126
2016-4-29,51,47,43,38,34,29,76,63,50,30.20,30.15,30.11,10,10,10,21,12,24,0.00,5,,121
2016-4-30,55,48,41,37,33,30,76,59,41,30.26,30.21,30.17,10,10,10,21,11,24,0.00,2,,162
2016-5-1,53,48,43,40,35,28,89,67,44,30.26,30.21,30.13,10,9,3,16,7,20,0.10,8,Rain,154
2016-5-2,51,47,43,49,45,41,100,93,86,30.13,29.99,29.87,10,3,0,15,8,18,0.39,8,Rain,40
2016-5-3,49,47,45,46,43,41,93,88,82,29.95,29.91,29.85,10,10,10,9,5,12,0.10,7,Rain,68
2016-5-4,50,47,43,45,42,40,92,84,76,29.92,29.86,29.80,10,8,3,22,13,29,0.48,8,Rain,56
2016-5-5,47,46,44,43,42,42,92,89,86,29.79,29.75,29.70,10,6,2,25,16,32,0.15,8,Rain,33
2016-5-6,53,50,46,45,43,42,93,82,71,29.95,29.85,29.67,10,9,2,20,11,23,0.09,8,Rain,62
2016-5-7,51,49,46,48,46,44,100,93,86,29.92,29.83,29.73,10,3,0,14,8,17,T,8,,59
2016-5-8,63,55,46,52,44,27,100,65,29,29.81,29.65,29.55,10,7,1,28,12,37,0.02,7,Rain,214
2016-5-9,66,56,46,35,28,22,60,41,22,30.12,29.95,29.84,10,10,10,28,15,38,0.00,2,,276
2016-5-10,71,59,47,36,31,24,45,36,26,30.18,30.12,30.05,10,10,10,17,9,23,0.00,2,,256
2016-5-11,68,61,54,46,39,32,60,44,28,30.17,30.11,30.04,10,10,10,16,7,17,0.00,0,,14
2016-5-12,66,60,54,44,37,30,57,43,28,30.18,30.11,30.02,10,10,10,17,9,32,0.00,1,,75
2016-5-13,74,63,52,61,54,42,93,75,57,30.01,29.85,29.71,10,10,4,20,9,23,0.11,7,Rain,185
2016-5-14,77,68,59,61,51,43,84,59,33,29.73,29.66,29.55,10,10,10,26,11,32,T,5,Rain,238
2016-5-15,61,53,45,52,36,25,80,54,27,29.79,29.61,29.51,10,10,10,33,20,41,0.00,5,,260
2016-5-16,59,51,42,29,26,24,49,38,26,30.04,29.89,29.79,10,10,10,27,19,45,0.00,3,,273
2016-5-17,70,60,50,41,36,31,50,41,31,30.12,30.07,30.03,10,10,10,21,12,30,0.00,5,,256
2016-5-18,59,54,49,42,40,36,66,55,44,30.19,30.13,30.07,10,10,10,20,9,24,0.00,4,,90
2016-5-19,60,55,50,47,44,41,80,66,51,30.16,30.11,30.08,10,10,10,20,7,22,T,6,Rain,87
2016-5-20,71,61,51,48,46,42,83,60,37,30.21,30.17,30.12,10,10,10,13,9,,0.00,3,,255
2016-5-21,76,65,53,48,43,39,71,50,29,30.19,30.07,29.93,10,10,10,20,9,23,0.00,6,,204
2016-5-22,62,57,52,54,50,45,93,79,64,29.92,29.86,29.83,10,10,10,17,7,21,T,7,Rain,79
2016-5-23,73,62,51,52,50,48,89,67,44,29.93,29.91,29.88,10,10,10,16,6,18,0.00,5,,96
2016-5-24,59,56,52,52,52,50,93,83,72,29.98,29.93,29.89,10,6,1,20,10,25,0.26,8,Rain,40
2016-5-25,88,71,53,59,52,42,93,57,21,30.01,29.98,29.93,10,10,7,18,8,25,0.00,4,,243
2016-5-26,79,69,58,59,55,52,87,67,46,30.11,30.06,30.00,10,10,9,20,8,23,0.00,5,,62
2016-5-27,73,66,58,62,57,54,87,78,68,30.12,30.08,30.02,10,9,6,15,7,21,0.00,6,,79
2016-5-28,92,80,67,67,63,57,76,57,38,30.09,30.05,30.02,10,10,10,15,8,23,0.00,4,,218
2016-5-29,77,65,53,65,54,51,93,81,69,30.22,30.17,30.09,10,8,2,14,9,16,T,7,,36
2016-5-30,76,64,52,68,58,52,100,87,74,30.13,29.99,29.88,10,6,1,20,7,25,1.13,8,Rain,138
2016-5-31,87,78,68,67,56,45,93,58,23,29.95,29.89,29.84,10,10,10,20,11,29,0.00,4,,257
2016-6-1,73,65,57,56,53,50,86,65,44,30.22,30.14,29.96,10,10,10,20,10,24,0.00,3,,48
2016-6-2,62,59,56,55,54,53,93,87,80,30.24,30.19,30.14,10,8,2,16,9,20,0.00,7,,78
2016-6-3,70,64,57,61,58,55,93,83,73,30.14,30.05,29.99,10,10,7,16,8,22,0.00,7,,131
2016-6-4,70,66,61,63,60,58,93,83,73,30.01,29.98,29.93,10,10,7,13,6,15,0.00,7,Fog,131
2016-6-5,68,64,60,66,61,57,100,94,87,29.94,29.80,29.57,10,6,2,21,8,26,0.91,8,Rain,135
2016-6-6,84,75,65,64,59,51,93,64,34,29.63,29.60,29.58,10,10,10,21,11,29,0.00,4,,239
2016-6-7,86,75,63,65,59,49,87,58,29,29.62,29.47,29.37,10,10,3,21,9,29,0.15,5,Rain-Thunderstorm,215
2016-6-8,74,66,57,56,48,44,73,57,41,29.61,29.49,29.42,10,10,10,23,16,31,T,3,,285
2016-6-9,69,62,54,44,41,38,66,52,37,29.78,29.66,29.61,10,10,10,30,18,39,0.00,5,,291
2016-6-10,72,64,55,51,44,37,80,59,38,30.01,29.91,29.80,10,10,10,21,11,29,0.00,5,,320
2016-6-11,68,61,54,61,54,46,93,69,45,30.03,29.88,29.68,10,10,7,26,7,36,0.02,6,Rain,195
2016-6-12,80,68,55,62,51,39,87,63,38,29.68,29.57,29.48,10,10,8,33,17,43,0.00,6,,274
2016-6-13,73,64,54,48,46,39,71,56,41,29.70,29.67,29.62,10,10,10,28,17,37,0.00,4,,300
2016-6-14,79,67,55,48,45,42,66,47,28,29.88,29.81,29.71,10,10,10,25,12,33,0.00,2,,303
2016-6-15,85,76,66,51,47,41,58,42,25,29.89,29.85,29.79,10,10,10,7,10,8,0.00,3,,301
2016-6-16,77,69,61,57,53,48,84,60,36,29.84,29.79,29.72,10,10,10,17,7,21,0.00,5,,91
2016-6-17,74,67,59,53,51,47,78,58,38,30.11,29.97,29.82,10,10,2,32,8,39,0.12,3,Rain-Thunderstorm,137
2016-6-18,72,66,60,57,53,45,90,69,47,30.33,30.22,30.09,10,10,10,18,10,23,0.00,1,,113
2016-6-19,82,70,57,56,54,49,93,67,40,30.34,30.29,30.24,10,10,10,23,12,30,0.00,3,,197
2016-6-20,83,72,60,62,58,54,90,68,46,30.25,30.07,29.83,10,10,10,20,13,23,0.00,2,,203
2016-6-21,87,76,64,64,53,41,87,54,21,29.81,29.75,29.69,10,10,9,24,13,29,0.02,5,Rain-Thunderstorm,244
2016-6-22,78,71,64,53,46,41,59,44,28,29.90,29.81,29.76,10,10,10,26,10,33,T,3,Rain,273
2016-6-23,77,69,60,60,51,42,81,60,39,29.92,29.87,29.81,10,10,10,18,9,23,0.00,4,,123
2016-6-24,72,67,61,57,52,47,84,63,41,30.15,30.06,29.90,10,10,10,20,9,22,0.00,2,,81
2016-6-25,73,66,59,57,53,45,87,64,40,30.23,30.20,30.16,10,10,10,15,6,20,0.00,0,,109
2016-6-26,84,72,59,56,54,49,78,57,36,30.23,30.17,30.11,10,10,10,18,10,21,0.00,2,,169
2016-6-27,86,75,64,63,56,45,78,55,31,30.11,30.05,29.99,10,10,10,25,15,28,0.00,4,,204
2016-6-28,79,74,68,67,64,62,84,71,58,30.01,29.97,29.91,10,10,10,20,10,25,0.08,7,Rain,192
2016-6-29,87,77,67,68,65,60,100,72,44,29.90,29.86,29.80,10,10,8,10,9,16,0.03,6,Rain-Thunderstorm,191
2016-6-30,81,75,68,61,58,53,70,55,39,30.01,29.96,29.88,10,10,10,18,10,22,0.00,2,,152
2016-7-1,86,77,68,68,62,58,90,65,40,30.03,29.95,29.83,10,10,4,25,11,32,0.20,7,Rain-Thunderstorm,195
2016-7-2,80,73,65,67,54,44,90,59,28,30.00,29.87,29.80,10,10,10,23,13,30,0.00,4,,267
2016-7-3,84,74,64,55,49,44,60,43,26,30.05,30.01,29.96,10,10,10,18,11,25,0.00,3,,257
2016-7-4,88,77,66,55,52,46,68,46,24,30.03,29.98,29.92,10,10,10,22,12,29,0.00,3,,242
2016-7-5,76,70,64,70,65,55,93,77,61,29.93,29.79,29.73,10,6,1,10,5,21,0.23,7,Rain,106
2016-7-6,94,83,71,67,62,59,93,63,33,29.84,29.80,29.77,10,10,10,18,9,25,0.00,2,,243
2016-7-7,79,70,61,65,61,59,100,81,62,29.86,29.80,29.77,10,6,0,15,8,18,0.00,6,Fog,68
2016-7-8,67,64,61,63,59,55,100,87,73,29.94,29.86,29.77,10,7,0,16,10,20,0.02,8,Rain,52
2016-7-9,65,62,59,61,57,55,93,83,73,29.93,29.91,29.88,10,9,0,16,10,18,0.11,8,Rain,70
2016-7-10,64,62,59,61,59,57,97,91,84,29.97,29.88,29.83,10,8,1,13,6,16,0.09,8,Rain,53
2016-7-11,72,66,59,61,58,55,90,74,57,30.07,30.03,29.96,10,10,8,14,7,18,T,7,,223
2016-7-12,88,77,65,61,56,51,78,54,29,30.11,30.06,30.01,10,10,10,16,9,23,0.00,2,,249
2016-7-13,92,79,65,67,62,57,81,63,44,30.06,30.02,29.96,10,10,10,22,12,29,0.00,1,,204
2016-7-14,87,78,69,73,69,60,87,72,57,30.00,29.87,29.76,10,10,10,26,14,36,T,5,Rain,202
2016-7-15,96,84,72,71,68,59,93,61,29,29.88,29.82,29.79,10,10,7,17,9,24,0.00,3,,229
2016-7-16,94,85,75,63,60,56,64,47,30,30.07,29.99,29.88,10,10,10,18,9,25,0.00,5,,263
2016-7-17,79,74,68,66,65,63,93,79,64,30.12,30.08,30.04,10,9,4,15,7,18,0.00,6,,80
2016-7-18,95,81,67,69,66,61,97,65,33,30.08,29.98,29.91,10,10,6,30,12,40,0.01,5,Rain-Thunderstorm,221
2016-7-19,84,76,68,67,56,44,74,51,28,30.14,30.01,29.92,10,10,10,21,11,28,0.00,4,,298
2016-7-20,84,75,65,51,48,45,56,41,26,30.20,30.15,30.09,10,10,10,17,10,25,0.00,1,,306
2016-7-21,91,79,67,64,54,49,63,44,24,30.15,30.07,29.97,10,10,10,20,10,26,0.00,2,,254
2016-7-22,98,86,73,72,66,63,74,55,35,29.96,29.81,29.70,10,10,8,26,17,39,0.00,3,Thunderstorm,231
2016-7-23,94,83,72,70,63,56,84,57,30,29.85,29.75,29.70,10,10,10,29,11,44,T,3,Thunderstorm,275
2016-7-24,91,80,68,65,60,55,84,58,32,29.97,29.92,29.87,10,10,10,16,8,21,0.00,3,,332
2016-7-25,92,80,67,70,66,61,84,66,47,29.97,29.87,29.76,10,10,10,20,9,24,0.00,5,,143
2016-7-26,94,85,76,69,61,56,74,52,30,29.89,29.79,29.75,10,10,10,18,13,26,0.00,1,,301
2016-7-27,87,80,73,67,62,59,74,58,42,29.93,29.89,29.86,10,10,10,21,10,24,0.00,2,,97
2016-7-28,89,81,73,72,64,57,79,57,34,29.90,29.87,29.82,10,10,10,18,7,23,0.00,5,,214
2016-7-29,79,76,72,73,70,67,88,81,74,29.91,29.87,29.83,10,10,7,16,9,21,0.06,6,Rain,35
2016-7-30,80,76,71,69,64,57,93,71,48,30.06,30.01,29.92,10,10,10,16,10,20,0.00,4,,58
2016-7-31,74,71,68,71,68,66,100,92,84,30.13,30.09,30.03,10,9,2,14,9,17,0.15,8,Rain,53
2016-8-1,75,72,69,68,67,61,97,85,73,30.12,30.10,30.08,10,10,10,14,9,16,T,8,Rain,69
2016-8-2,74,70,65,66,64,62,93,83,73,30.16,30.13,30.09,10,10,10,16,7,19,0.04,6,Rain,56
2016-8-3,79,71,62,65,60,50,100,71,41,30.19,30.16,30.14,10,10,10,15,8,18,0.00,1,,92
2016-8-4,82,73,64,63,58,55,78,59,40,30.17,30.12,30.06,10,10,9,22,11,25,0.00,1,,175
2016-8-5,89,77,64,65,60,52,87,58,29,30.07,29.95,29.82,10,10,10,22,12,27,0.00,2,,207